      0/99     4.66G    0.1141   0.02751         0    0.1416        24       512         0         0  0.004522 0.0006421   0.09374   0.01979         0
      1/99     4.66G    0.0933   0.02789         0    0.1212        29       512         0         0   0.08566   0.01473   0.07653   0.01899         0
      2/99     4.66G   0.07974   0.02847         0    0.1082        28       512    0.3879      0.48    0.4048    0.1127   0.05941   0.01773         0
      3/99     4.66G   0.06465   0.02621         0   0.09086        22       512    0.2001    0.9234    0.7547    0.3266   0.04904   0.01486         0
      4/99     4.66G   0.05766   0.02252         0   0.08018        24       512    0.1466    0.9574    0.5525     0.189   0.05881   0.01149         0
      5/99     4.66G   0.06017   0.01927         0   0.07944        20       512    0.3765     0.966    0.8584    0.3892   0.04474   0.01084         0
      6/99     4.66G   0.05501   0.01855         0   0.07357        38       512    0.3009    0.9532    0.6747     0.239   0.05066  0.009365         0
      7/99     4.66G   0.05209   0.01691         0     0.069        22       512    0.3713     0.966     0.739    0.3235   0.03915  0.008699         0
      8/99     4.66G   0.04712   0.01601         0   0.06313        31       512    0.4417    0.9745    0.8487    0.4211   0.03743  0.008109         0
      9/99     4.66G   0.04536   0.01468         0   0.06004        28       512    0.5339     0.966    0.9289    0.5492   0.03648  0.007641         0
     10/99     4.66G   0.04391   0.01414         0   0.05805        25       512    0.4962    0.9532      0.82    0.2484   0.03818  0.007232         0
     11/99     4.66G    0.0406   0.01366         0   0.05426        21       512    0.5332    0.9702    0.9208    0.4363   0.03218  0.007022         0
     12/99     4.66G   0.03902   0.01221         0   0.05123        23       512    0.6614    0.9404    0.9374    0.4311    0.0361  0.007125         0
     13/99     4.66G   0.03968   0.01334         0   0.05302        21       512    0.5723    0.9574    0.9484    0.5845   0.03012    0.0069         0
     14/99     4.66G   0.04129   0.01304         0   0.05433        36       512    0.4755    0.9787    0.9084    0.4264   0.03626  0.006475         0
     15/99     4.66G   0.04169   0.01222         0   0.05391        24       512    0.5832     0.966    0.8992    0.4651   0.03699  0.006456         0
     16/99     4.66G   0.04088   0.01252         0    0.0534        22       512    0.7196    0.9574    0.9656    0.5756   0.02971  0.006317         0
     17/99     4.66G   0.03906   0.01168         0   0.05074        23       512    0.5997     0.966    0.9078    0.4836   0.03177   0.00607         0
     18/99     4.66G   0.03772   0.01146         0   0.04918        31       512    0.8349    0.9787      0.98    0.6447   0.02894  0.006008         0
     19/99     4.66G   0.03735   0.01173         0   0.04907        27       512    0.7869    0.9702    0.9735    0.6117   0.02861  0.005787         0
     20/99     4.66G   0.03777   0.01147         0   0.04924        22       512    0.7668     0.983    0.9826    0.4959   0.03324  0.005861         0
     21/99     4.66G   0.03497   0.01126         0   0.04623        20       512    0.8607    0.9745    0.9809    0.6608   0.02534  0.005678         0
     22/99     4.66G   0.03492   0.01073         0   0.04565        15       512    0.7673    0.9362    0.9412    0.5837   0.02837  0.006856         0
     23/99     4.66G   0.03589   0.01131         0    0.0472        19       512    0.5815    0.9617    0.9203    0.3179   0.04724  0.006061         0
     24/99     4.66G   0.04137   0.01193         0    0.0533        24       512     0.818    0.9787    0.9812    0.6091    0.0275  0.005776         0
     25/99     4.66G   0.03618   0.01085         0   0.04704        23       512    0.7428    0.9702    0.9742    0.5819   0.03021  0.005792         0
     26/99     4.66G   0.03681   0.01064         0   0.04745        25       512    0.7868    0.9787    0.9793    0.6212   0.02821  0.005733         0
     27/99     4.66G   0.03362   0.01114         0   0.04476        27       512    0.8453    0.9787    0.9815    0.6635   0.02476  0.005448         0
     28/99     4.66G   0.03419   0.01097         0   0.04517        20       512    0.8023    0.9787    0.9779    0.5859    0.0292  0.005757         0
     29/99     4.66G   0.03328   0.01075         0   0.04404        25       512    0.8342    0.9745    0.9777    0.6334     0.027  0.005955         0
     30/99     4.66G   0.03304   0.01059         0   0.04363        24       512    0.8212    0.9702    0.9771    0.6227   0.02638   0.00606         0
     31/99     4.66G   0.03265   0.01059         0   0.04324        26       512    0.8258    0.9787    0.9847    0.6719   0.02476  0.005602         0
     32/99     4.66G   0.03127   0.01027         0   0.04154        27       512    0.9061    0.9532    0.9729    0.6505   0.02604  0.005913         0
     33/99     4.66G   0.03013   0.01035         0   0.04048        25       512    0.7838     0.983     0.985    0.6065   0.02657  0.005693         0
     34/99     4.66G   0.03012  0.009943         0   0.04006        24       512    0.8514    0.9787    0.9852    0.6548   0.02473  0.005547         0
     35/99     4.66G   0.02944   0.01008         0   0.03952        22       512    0.8962     0.966     0.977    0.6155   0.02639  0.005722         0
     36/99     4.66G    0.0287  0.009718         0   0.03841        14       512    0.8139    0.9787    0.9836    0.6764   0.02465  0.005471         0
     37/99     4.66G   0.02899   0.01024         0   0.03923        25       512    0.9012    0.9745    0.9727    0.6404   0.02444  0.005786         0
     38/99     4.66G   0.02744  0.009964         0    0.0374        19       512    0.8986      0.98    0.9895    0.6858   0.02334   0.00539         0
     39/99     4.66G   0.02744   0.01011         0   0.03754        23       512    0.8548    0.9787    0.9818    0.6355    0.0247  0.005416         0
     40/99     4.66G   0.02739   0.01009         0   0.03747        25       512    0.9008    0.9787    0.9792    0.6977   0.02321  0.005226         0
     41/99     4.66G   0.02662  0.009703         0   0.03633        20       512    0.9105     0.983    0.9857    0.6732   0.02337  0.005183         0
     42/99     4.66G   0.02515  0.009411         0   0.03456        28       512    0.9585     0.983    0.9886    0.6789   0.02299  0.005007         0
     43/99     4.66G   0.02599   0.00965         0   0.03564        21       512    0.9318    0.9787    0.9841    0.6849   0.02271  0.005185         0
     44/99     4.66G   0.02504  0.009173         0   0.03421        18       512    0.8771     0.983    0.9873    0.6819   0.02195  0.005256         0
     45/99     4.66G   0.02371  0.009106         0   0.03282        18       512    0.8896     0.983    0.9845    0.6976   0.02164  0.005148         0
     46/99     4.66G    0.0238  0.009307         0   0.03311        29       512    0.9202    0.9811    0.9872    0.6763   0.02301  0.005249         0
     47/99     4.66G   0.02326  0.008463         0   0.03173        25       512    0.9103     0.983    0.9859    0.6861   0.02274  0.005215         0
     48/99     4.66G   0.02461   0.00914         0   0.03375        24       512     0.876    0.9702    0.9787    0.6711   0.02262  0.005432         0
     49/99     4.66G    0.0234  0.008985         0   0.03239        26       512    0.9094     0.983    0.9871    0.6714   0.02367  0.005202         0
     50/99     4.66G    0.0228  0.008717         0   0.03152        22       512    0.9554    0.9787    0.9887    0.6938   0.02185  0.005076         0
     51/99     4.66G   0.02312  0.008713         0   0.03184        28       512    0.9383     0.983    0.9884    0.6707    0.0229  0.005223         0
     52/99     4.66G   0.02309  0.009187         0   0.03227        26       512    0.9404    0.9745    0.9818    0.6276   0.02411  0.005221         0
     53/99     4.66G   0.02283  0.008648         0   0.03147        33       512      0.94    0.9787    0.9804    0.6591   0.02384  0.005012         0
     54/99     4.66G   0.02204  0.008395         0   0.03044        23       512    0.9377    0.9872    0.9844    0.7348   0.02095  0.004722         0
     55/99     4.66G   0.02161   0.00835         0   0.02996        23       512    0.9232     0.983    0.9841    0.7044   0.02095  0.004842         0
     56/99     4.66G   0.02121  0.007822         0   0.02903        29       512    0.9214     0.983    0.9866    0.6983   0.02099  0.004956         0
     57/99     4.66G   0.02115   0.00849         0   0.02964        21       512    0.9686    0.9787    0.9936    0.6934   0.02122  0.005007         0
     58/99     4.66G   0.02054  0.008015         0   0.02855        20       512    0.9642    0.9745     0.986    0.6899   0.02154  0.005066         0
     59/99     4.66G   0.02068  0.007972         0   0.02865        23       512    0.9494    0.9787    0.9901    0.7062    0.0212  0.004971         0
     60/99     4.66G    0.0209  0.008563         0   0.02946        28       512    0.9597    0.9787    0.9886    0.7064   0.02088  0.004983         0
     61/99     4.66G   0.01948  0.007809         0   0.02729        19       512    0.9772     0.983    0.9939    0.7127   0.02014  0.004809         0
     62/99     4.66G   0.01992    0.0077         0   0.02762        26       512    0.9793    0.9787    0.9933    0.7307   0.01991   0.00476         0
     63/99     4.66G   0.01996  0.007833         0   0.02779        21       512    0.9688    0.9787    0.9863    0.7329   0.01985  0.004837         0
     64/99     4.66G    0.0194   0.00779         0   0.02719        24       512    0.9569    0.9872    0.9846    0.7172   0.02095  0.004852         0
     65/99     4.66G   0.01913  0.007282         0   0.02641        17       512     0.967    0.9745    0.9857    0.7171   0.02104  0.004991         0
     66/99     4.66G   0.01837  0.007204         0   0.02557        19       512    0.9625    0.9843    0.9881    0.7228   0.02123    0.0049         0
     67/99     4.66G   0.01865  0.007818         0   0.02647        22       512    0.9741    0.9787    0.9859    0.7186   0.02074   0.00502         0
     68/99     4.66G   0.01869  0.007803         0   0.02649        28       512    0.9675    0.9787     0.991    0.7117   0.02033  0.004965         0
     69/99     4.66G     0.018   0.00763         0   0.02563        28       512    0.9556     0.983    0.9928    0.6877   0.02183  0.004971         0
     70/99     4.66G   0.01772  0.007609         0   0.02533        24       512    0.9665     0.983    0.9897    0.7207   0.02047  0.004806         0
     71/99     4.66G   0.01784  0.007307         0   0.02515        18       512    0.9615    0.9745    0.9835    0.7072    0.0212  0.004815         0
     72/99     4.66G   0.01737  0.007635         0   0.02501        20       512    0.9407    0.9787    0.9885    0.7205   0.02016  0.004911         0
     73/99     4.66G   0.01753   0.00733         0   0.02486        33       512    0.9125     0.983    0.9871    0.6856   0.02104  0.005037         0
     74/99     4.66G   0.01732  0.007406         0   0.02472        21       512    0.9502    0.9751    0.9786    0.7135   0.02011   0.00503         0
     75/99     4.66G   0.01651  0.006945         0   0.02346        19       512    0.9745    0.9702    0.9837    0.7139   0.01976   0.00496         0
     76/99     4.66G    0.0166  0.007174         0   0.02377        22       512    0.9682     0.966    0.9858    0.7244   0.01924  0.004926         0
     77/99     4.66G   0.01586  0.006773         0   0.02263        25       512    0.9567     0.983    0.9915    0.7302   0.01986   0.00481         0
     78/99     4.66G   0.01668  0.006644         0   0.02333        22       512    0.9377    0.9872    0.9903    0.7391   0.01903  0.004786         0
     79/99     4.66G   0.01617  0.007064         0   0.02323        28       512    0.9676    0.9745    0.9866    0.7378   0.01942  0.004981         0
     80/99     4.66G   0.01561  0.006838         0   0.02245        23       512     0.974    0.9787    0.9872    0.6873   0.02055  0.005002         0
     81/99     4.66G   0.01655  0.007439         0   0.02399        26       512    0.9631    0.9745    0.9908    0.7188   0.01972  0.004885         0
     82/99     4.66G   0.01583    0.0067         0   0.02253        20       512    0.9549     0.983    0.9894    0.7003   0.02039  0.004927         0
     83/99     4.66G   0.01546  0.006224         0   0.02168        21       512    0.9547     0.986    0.9941    0.7225   0.01971  0.004702         0
     84/99     4.66G   0.01545  0.006643         0   0.02209        33       512    0.9694     0.983    0.9847    0.7169   0.01996  0.004867         0
     85/99     4.66G   0.01559  0.006767         0   0.02235        21       512    0.9674     0.983    0.9848    0.7151   0.02015  0.004842         0
     86/99     4.66G   0.01514   0.00633         0   0.02147        27       512    0.9462     0.983    0.9901     0.718   0.02063  0.004949         0
     87/99     4.66G   0.01545  0.007033         0   0.02248        24       512    0.9492    0.9872    0.9908    0.7223   0.01994  0.004798         0
     88/99     4.66G   0.01521  0.006648         0   0.02186        20       512    0.9615    0.9872    0.9849    0.7384   0.01877  0.004747         0
     89/99     4.66G   0.01537  0.006835         0    0.0222        15       512    0.9704     0.983    0.9848    0.7354   0.01926  0.004778         0
     90/99     4.66G    0.0149  0.006548         0   0.02145        26       512    0.9705    0.9805    0.9877    0.7151   0.02008  0.005022         0
     91/99     4.66G   0.01486   0.00642         0   0.02128        27       512    0.9787    0.9774    0.9874    0.7221    0.0193  0.005067         0
     92/99     4.66G   0.01487  0.006516         0   0.02139        25       512     0.975    0.9787    0.9907    0.7273   0.01917  0.005007         0
     93/99     4.66G   0.01511  0.006426         0   0.02154        27       512    0.9732    0.9787    0.9838    0.7212   0.01956  0.004993         0
     94/99     4.66G   0.01406  0.006354         0   0.02041        12       512    0.9694    0.9787    0.9817    0.7268   0.01922  0.004974         0
     95/99     4.66G   0.01433   0.00652         0   0.02085        18       512    0.9738    0.9787    0.9842     0.726   0.01934  0.005027         0
     96/99     4.66G   0.01417  0.006153         0   0.02033        29       512    0.9789    0.9787    0.9796    0.7202    0.0193  0.005055         0
     97/99     4.66G   0.01367  0.006169         0   0.01984        22       512    0.9787    0.9758    0.9787    0.7279   0.01984  0.004916         0
     98/99     4.66G   0.01436  0.006381         0   0.02074        28       512    0.9519    0.9787    0.9788    0.7206   0.02015  0.005089         0
     99/99     4.66G   0.01411  0.006158         0   0.02027        21       512    0.9515    0.9745    0.9789    0.7071   0.02077   0.00521         0
