       0/9     1.94G    0.1179   0.02894         0    0.1468        18       512         0         0  0.001888 0.0002616    0.1024   0.02039         0
       1/9     2.24G   0.09991   0.02614         0    0.1261        24       512         0         0   0.01184  0.001669   0.08232   0.01856         0
       2/9     2.24G   0.08751   0.02764         0    0.1151        25       512         0         0   0.08392   0.01621      0.07   0.01826         0
       3/9     2.24G   0.07563   0.02673         0    0.1024        29       512    0.4114     0.687    0.4608    0.1304   0.05614   0.01717         0
       4/9     2.24G   0.06341    0.0255         0   0.08891        20       512    0.1994    0.9277    0.6124    0.1646   0.05149   0.01424         0
       5/9     2.24G   0.05925   0.02304         0   0.08229        24       512    0.1772    0.9319    0.4931    0.1477   0.05041   0.01257         0
       6/9     2.24G    0.0561   0.02141         0   0.07751        23       512    0.2258    0.9191    0.5591    0.1934   0.04825   0.01092         0
       7/9     2.24G   0.05079    0.0187         0    0.0695        25       512    0.3621    0.9574    0.8902    0.4342   0.03741   0.01026         0
       8/9     2.24G   0.04685   0.01825         0   0.06509        25       512     0.323    0.9574    0.7833    0.2547   0.04293  0.009527         0
       9/9     2.24G   0.04429    0.0178         0   0.06209        25       512    0.3813    0.9617    0.9068    0.3453   0.03763  0.009096         0
